PS:資料格式一定要依照下面才有辦法讀取
PS:前面井字號是開始讀取的標誌

#POS: 0,   0,  1
-----------------Initialize Parameter----------------------------
                   base      J1   J2     J3       J4      J5      J6     J7    J8(claw) J9夾爪(相對J8位置參數)

#d:                 0,    -0.22,   0,  0.371,      0,   0.27,      0,     0,	0,0
#a:                 0,        0,   0,   0.01,  -0.01,      0,   0.17,     0,	0,0
#alpha:           -180,      -90,  90,     90,    -90,     90,     90,     0,	0,0
#theta_home:      -90,     -90,  180,    180,   -90,    180,     90,    90,	0,0
------------------------------------------------------------------
#Lowlimit: -180, -150, -180, -0.1, -180, -84, 0
#Uplimit:   180,   25,  180,  240,  180,  84, 50